49.666666666666664
77.66666666666667
44.333333333333336
55.0
62.0
60.333333333333336
81.0
35.0
59.666666666666664
61.0
53.666666666666664
37.666666666666664
44.333333333333336
40.0
49.666666666666664
66.66666666666667
48.666666666666664
50.0
47.666666666666664
56.0
87.66666666666667
73.66666666666667
73.33333333333333
61.333333333333336
52.666666666666664
69.33333333333333
69.0
83.0
60.0
64.0
63.666666666666664
57.666666666666664
80.33333333333333
60.666666666666664
54.333333333333336
58.333333333333336
69.33333333333333
73.33333333333333
42.666666666666664
64.33333333333333
69.66666666666667
80.0
61.0
62.0
81.33333333333333
62.0
75.0
63.666666666666664
67.33333333333333
54.333333333333336
59.333333333333336
54.333333333333336
46.666666666666664
49.333333333333336
49.333333333333336
56.0
83.66666666666667
66.33333333333333
50.666666666666664
57.0
54.0
66.33333333333333
77.33333333333333
76.33333333333333
60.666666666666664
58.0
90.33333333333333
56.0
51.666666666666664
65.33333333333333
72.66666666666667
54.666666666666664
58.333333333333336
65.0
52.666666666666664
64.0
86.33333333333333
64.66666666666667
58.666666666666664
47.333333333333336
42.333333333333336
56.0
74.66666666666667
71.33333333333333
58.666666666666664
47.666666666666664
58.0
59.333333333333336
82.33333333333333
54.0
71.0
70.33333333333333
67.33333333333333
61.0
74.0
73.0
59.0
53.666666666666664
50.0
81.0
45.333333333333336
94.33333333333333
67.33333333333333
58.666666666666664
70.66666666666667
42.0
60.333333333333336
45.0
59.0
54.333333333333336
42.0
46.666666666666664
46.333333333333336
63.0
61.666666666666664
59.333333333333336
46.666666666666664
44.0
71.0
33.666666666666664
59.333333333333336
57.0
61.0
51.333333333333336
62.333333333333336
56.333333333333336
75.33333333333333
75.0
68.66666666666667
70.33333333333333
63.0
39.0
57.0
77.66666666666667
68.33333333333333
72.33333333333333
54.0
65.66666666666667
64.66666666666667
50.666666666666664
59.333333333333336
79.0
88.33333333333333
40.0
57.666666666666664
54.666666666666664
43.333333333333336
67.66666666666667
63.333333333333336
45.666666666666664
58.666666666666664
70.66666666666667
85.0
63.0
61.0
37.666666666666664
63.333333333333336
62.666666666666664
61.666666666666664
76.33333333333333
47.0
61.333333333333336
55.666666666666664
58.0
66.0
59.93939393939394 61.660606060606064 61.67272727272727